{
  "camera_angle_x": 1.6762978767762087,
  "camera_angle_y": 1.3929819689515939,
  "fl_x": 921.2892002233411,
  "fl_y": 918.3224550416692,
  "k1": 0,
  "k2": 0,
  "k3": 0,
  "k4": 0,
  "p1": 0,
  "p2": 0,
  "is_fisheye": false,
  "cx": 1015.2017650696432,
  "cy": 780.9874954459469,
  "w": 2048.0,
  "h": 1536.0,
  "aabb_scale": 32,
  "frames": [
    {
      "file_path": "./images/0127.jpg",
      "sharpness": 5.360614951918251,
      "transform_matrix": [
        [
          0.9848907561018792,
          -0.15432239085371685,
          0.07857988408445928,
          3.0366314700402746
        ],
        [
          0.11780528466948384,
          0.2644493173974929,
          -0.9571773469069464,
          -2.5147200586360077
        ],
        [
          0.12693349993838826,
          0.9519722465326379,
          0.2786336813476401,
          0.9641547109556795
        ],
        [
          0.0,
          0.0,
          0.0,
          1.0
        ]
      ]
    },
    {
      "file_path": "./images/0124.jpg",
      "sharpness": 31.962638815463254,
      "transform_matrix": [
        [
          0.654575650288894,
          -0.20825176612202054,
          0.7267474939154563,
          4.160709795463218
        ],
        [
          0.7559954034190729,
          0.18195572816025574,
          -0.6287790255716101,
          -1.7274347072641496
        ],
        [
          -0.0012915268682569328,
          0.9610012043979694,
          0.27654116702643994,
          0.6473211278487995
        ],
        [
          0.0,
          0.0,
          0.0,
          1.0
        ]
      ]
    },
    {
      "file_path": "./images/0123.jpg",
      "sharpness": 41.248993532462755,
      "transform_matrix": [
        [
          0.6673150263337824,
          -0.22200986981788945,
          0.7109165023327652,
          4.256656036207664
        ],
        [
          0.7447516057605501,
          0.19125537845546953,
          -0.6393484385910524,
          -1.6528502519282524
        ],
        [
          0.005975058915978784,
          0.9561030268088514,
          0.29296979495205305,
          0.6241404736619561
        ],
        [
          0.0,
          0.0,
          0.0,
          1.0
        ]
      ]
    },
    {
      "file_path": "./images/0125.jpg",
      "sharpness": 5.8835389134570155,
      "transform_matrix": [
        [
          0.6812334570880424,
          -0.1908369851619231,
          0.7067547113353032,
          4.057271839439705
        ],
        [
          0.7313457522221446,
          0.1345892750081364,
          -0.6685948831387277,
          -1.613507615885713
        ],
        [
          0.03247102758568003,
          0.9723512596300332,
          0.23125453556581899,
          0.6983662754643777
        ],
        [
          0.0,
          0.0,
          0.0,
          1.0
        ]
      ]
    },
    {
      "file_path": "./images/0126.jpg",
      "sharpness": 5.486431728359281,
      "transform_matrix": [
        [
          0.7913568467985037,
          -0.14998546227453563,
          0.5926708210194668,
          3.75837697458605
        ],
        [
          0.6097580818200197,
          0.12362574754964828,
          -0.7828868093139902,
          -1.523923128670511
        ],
        [
          0.044152266704199764,
          0.9809286597943869,
          0.18928692954140733,
          0.63346238983151
        ],
        [
          0.0,
          0.0,
          0.0,
          1.0
        ]
      ]
    },
    {
      "file_path": "./images/0121.jpg",
      "sharpness": 31.39309008415131,
      "transform_matrix": [
        [
          0.44544524033871025,
          -0.19930520752102282,
          0.8728436126082704,
          4.5171368982064815
        ],
        [
          0.8952916437126888,
          0.10526162178499057,
          -0.4328658726179564,
          -0.657625194921931
        ],
        [
          -0.005604511656926069,
          0.9742676352989107,
          0.22532457525645258,
          0.4349530082091053
        ],
        [
          0.0,
          0.0,
          0.0,
          1.0
        ]
      ]
    },
    {
      "file_path": "./images/0122.jpg",
      "sharpness": 2.783846439911637,
      "transform_matrix": [
        [
          0.54543623706828,
          -0.2075791672178773,
          0.8120407628847168,
          4.44133091352478
        ],
        [
          0.8379980278601973,
          0.1536485844557926,
          -0.5235947075716392,
          -0.9568964579799325
        ],
        [
          -0.016081560380229752,
          0.9660760848862242,
          0.2577564384898787,
          0.4202867832403955
        ],
        [
          0.0,
          0.0,
          0.0,
          1.0
        ]
      ]
    },
    {
      "file_path": "./images/0120.jpg",
      "sharpness": 14.835785994764422,
      "transform_matrix": [
        [
          0.33838684678435055,
          -0.19132730349821167,
          0.9213512928389004,
          4.605917883415364
        ],
        [
          0.9409927105890372,
          0.07421301054889454,
          -0.3301895632563896,
          -0.2785349673342421
        ],
        [
          -0.005201974433593666,
          0.9787166556046222,
          0.2051503045584877,
          0.3841476741256351
        ],
        [
          0.0,
          0.0,
          0.0,
          1.0
        ]
      ]
    },
    {
      "file_path": "./images/0119.jpg",
      "sharpness": 15.225615970130235,
      "transform_matrix": [
        [
          0.18865972313520826,
          -0.20187984000813838,
          0.9610681760527191,
          4.6841505644270445
        ],
        [
          0.9814893799059979,
          0.07160320503390033,
          -0.1776276390669317,
          -0.08643417425297525
        ],
        [
          -0.03295612230560391,
          0.9767893893689,
          0.21165155982239925,
          0.3708923623026265
        ],
        [
          0.0,
          0.0,
          0.0,
          1.0
        ]
      ]
    },
    {
      "file_path": "./images/0116.jpg",
      "sharpness": 48.942302769351556,
      "transform_matrix": [
        [
          -0.10464363788734642,
          -0.2019007101892505,
          0.973799677670538,
          4.977385197866929
        ],
        [
          0.9931293429979617,
          0.030359022745849194,
          0.1130152105436844,
          1.1586745311520956
        ],
        [
          -0.052381457835258056,
          0.9789353568644638,
          0.1973366410782419,
          0.20359049723289158
        ],
        [
          0.0,
          0.0,
          0.0,
          1.0
        ]
      ]
    },
    {
      "file_path": "./images/0118.jpg",
      "sharpness": 17.920450462008073,
      "transform_matrix": [
        [
          0.0667780920919392,
          -0.21753409568592263,
          0.9737656820750739,
          4.832447900551257
        ],
        [
          0.997258985026752,
          0.04571692965489792,
          -0.058176276317935795,
          0.513659080769217
        ],
        [
          -0.03186225352858331,
          0.9749814764975963,
          0.2199907208111111,
          0.29645975995953244
        ],
        [
          0.0,
          0.0,
          0.0,
          1.0
        ]
      ]
    },
    {
      "file_path": "./images/0117.jpg",
      "sharpness": 6.052369716240929,
      "transform_matrix": [
        [
          -0.05897717514945166,
          -0.19860590367291914,
          0.9783033209562971,
          4.905442619579186
        ],
        [
          0.9971701309831386,
          0.03404683990439117,
          0.06702643185695027,
          0.843315635404088
        ],
        [
          -0.04661998161545421,
          0.9794878803105003,
          0.1960358885392228,
          0.24761292403586424
        ],
        [
          0.0,
          0.0,
          0.0,
          1.0
        ]
      ]
    },
    {
      "file_path": "./images/0115.jpg",
      "sharpness": 44.33867265295532,
      "transform_matrix": [
        [
          -0.1268925007017052,
          -0.20048107625198794,
          0.9714451252062455,
          4.962072324677003
        ],
        [
          0.9912811517655291,
          0.009416368114823735,
          0.13142682437695646,
          1.5265655535160711
        ],
        [
          -0.035496076101766305,
          0.9796523209959314,
          0.1975382456766457,
          0.15118546497820665
        ],
        [
          0.0,
          0.0,
          0.0,
          1.0
        ]
      ]
    },
    {
      "file_path": "./images/0114.jpg",
      "sharpness": 17.328281806154457,
      "transform_matrix": [
        [
          -0.17319416423211464,
          -0.18721938797822005,
          0.9669295125279119,
          4.572678178689206
        ],
        [
          0.9848582207591224,
          -0.040517845417198176,
          0.16856034292146732,
          2.283379987708407
        ],
        [
          0.007620136278776696,
          0.9814821470226872,
          0.19140200770935942,
          0.06617841499923421
        ],
        [
          0.0,
          0.0,
          0.0,
          1.0
        ]
      ]
    },
    {
      "file_path": "./images/0113.jpg",
      "sharpness": 38.704935569461384,
      "transform_matrix": [
        [
          -0.19358871156345328,
          -0.1631177503507468,
          0.9674275219530293,
          4.214874666025605
        ],
        [
          0.9808705063158618,
          -0.05269101585880821,
          0.1873945214975907,
          2.4722152850010133
        ],
        [
          0.020407366126732926,
          0.985198587252736,
          0.17019777624671772,
          0.07452282583439243
        ],
        [
          0.0,
          0.0,
          0.0,
          1.0
        ]
      ]
    },
    {
      "file_path": "./images/0112.jpg",
      "sharpness": 23.348264755850735,
      "transform_matrix": [
        [
          -0.20239771995613032,
          -0.14794990770002103,
          0.9680630081376834,
          3.9367672743898465
        ],
        [
          0.9786428871442734,
          -0.06685743597869165,
          0.1943918277504369,
          2.67011214718595
        ],
        [
          0.03596195761658928,
          0.986732439936226,
          0.1583219174284775,
          0.08063862726549749
        ],
        [
          0.0,
          0.0,
          0.0,
          1.0
        ]
      ]
    },
    {
      "file_path": "./images/0003.jpg",
      "sharpness": 20.83696300573744,
      "transform_matrix": [
        [
          0.44353792571151107,
          -0.06897968663072379,
          -0.8935971750427159,
          -3.1420211185993017
        ],
        [
          -0.8940886124464569,
          0.0352366480199586,
          -0.4465018832320482,
          -1.880694101721429
        ],
        [
          0.06228692911398429,
          0.9969955774350421,
          -0.0460451625348564,
          0.15415440202957095
        ],
        [
          0.0,
          0.0,
          0.0,
          1.0
        ]
      ]
    },
    {
      "file_path": "./images/0128.jpg",
      "sharpness": 19.34742535955017,
      "transform_matrix": [
        [
          0.9735478839014073,
          -0.12588837080157828,
          0.19067416134463827,
          2.7444993084626397
        ],
        [
          0.2187151694285779,
          0.272069893582497,
          -0.9370921233623278,
          -2.7297360534790522
        ],
        [
          0.06609230191510777,
          0.9540073852242157,
          0.29240676551947586,
          1.0789213276260354
        ],
        [
          0.0,
          0.0,
          0.0,
          1.0
        ]
      ]
    },
    {
      "file_path": "./images/0005.jpg",
      "sharpness": 20.51465742804673,
      "transform_matrix": [
        [
          0.4439096613352552,
          -0.0688812228864498,
          -0.8934201641239984,
          -3.1424283532673294
        ],
        [
          -0.8939171989038085,
          0.035054649890459075,
          -0.44685927653446533,
          -1.881725880934699
        ],
        [
          0.06209874448429149,
          0.9970088006688367,
          -0.04601301205862451,
          0.153251284734555
        ],
        [
          0.0,
          0.0,
          0.0,
          1.0
        ]
      ]
    },
    {
      "file_path": "./images/0129.jpg",
      "sharpness": 12.100289763609455,
      "transform_matrix": [
        [
          0.9668513313880727,
          -0.161631688297305,
          0.19767068646549424,
          2.895007583126541
        ],
        [
          0.2329306608769289,
          0.24117109587618493,
          -0.942114541728975,
          -2.514036982827133
        ],
        [
          0.10460310787161509,
          0.9569282626251272,
          0.27082557111395494,
          1.0366972768922265
        ],
        [
          0.0,
          0.0,
          0.0,
          1.0
        ]
      ]
    },
    {
      "file_path": "./images/0002.jpg",
      "sharpness": 20.739957108341816,
      "transform_matrix": [
        [
          0.44431302927948624,
          -0.06916828816622496,
          -0.8931974473100033,
          -3.144006133565129
        ],
        [
          -0.8937171946975755,
          0.03488103078943731,
          -0.4472727239535642,
          -1.8840294302157214
        ],
        [
          0.06209273631997959,
          0.9969950158148273,
          -0.046318792007506174,
          0.15305968722059105
        ],
        [
          0.0,
          0.0,
          0.0,
          1.0
        ]
      ]
    },
    {
      "file_path": "./images/0130.jpg",
      "sharpness": 14.607873107863574,
      "transform_matrix": [
        [
          0.949629973344677,
          -0.21017728597120486,
          0.23244014744366298,
          3.3339172482852177
        ],
        [
          0.27133054286385117,
          0.18035193273207467,
          -0.9454379497718992,
          -2.0930587467508532
        ],
        [
          0.15678855250124515,
          0.9608843264301776,
          0.22829511817323905,
          0.9238779052881249
        ],
        [
          0.0,
          0.0,
          0.0,
          1.0
        ]
      ]
    },
    {
      "file_path": "./images/0007.jpg",
      "sharpness": 19.03896306574932,
      "transform_matrix": [
        [
          0.44367840945744796,
          -0.06880239797032132,
          -0.8935411008852963,
          -3.142263231849312
        ],
        [
          -0.8940369922697137,
          0.03502711517747507,
          -0.44662171650687366,
          -1.8822393436967784
        ],
        [
          0.06202681213781118,
          0.997015211113785,
          -0.04597111419250513,
          0.15337757161879043
        ],
        [
          0.0,
          0.0,
          0.0,
          1.0
        ]
      ]
    },
    {
      "file_path": "./images/0131.jpg",
      "sharpness": 5.23426070741607,
      "transform_matrix": [
        [
          0.9263466341749361,
          -0.12262963669099247,
          0.3561514923656331,
          3.485172861109153
        ],
        [
          0.37014495351093324,
          0.12109780122168093,
          -0.9210472495640721,
          -1.312209423637828
        ],
        [
          0.0698185269619819,
          0.9850366971342877,
          0.15756928173973966,
          0.5536775757902115
        ],
        [
          0.0,
          0.0,
          0.0,
          1.0
        ]
      ]
    },
    {
      "file_path": "./images/0001.jpg",
      "sharpness": 21.053732858398245,
      "transform_matrix": [
        [
          0.4445480927166367,
          -0.06907420503853609,
          -0.8930877601987169,
          -3.1430192603800946
        ],
        [
          -0.8935977187740107,
          0.0349559114649009,
          -0.4475055320947684,
          -1.884356639945929
        ],
        [
          0.062129785555686254,
          0.9969989159514366,
          -0.04618496827767076,
          0.15259815467814516
        ],
        [
          0.0,
          0.0,
          0.0,
          1.0
        ]
      ]
    },
    {
      "file_path": "./images/0008.jpg",
      "sharpness": 18.958238809794697,
      "transform_matrix": [
        [
          0.4431085728840728,
          -0.0676635954482234,
          -0.8939107508270188,
          -3.1419848332777844
        ],
        [
          -0.8942861263346891,
          0.0361633489721955,
          -0.44603199037321417,
          -1.8828068133899858
        ],
        [
          0.06250693458573389,
          0.9970525813609458,
          -0.04448632471349108,
          0.15351684930042975
        ],
        [
          0.0,
          0.0,
          0.0,
          1.0
        ]
      ]
    },
    {
      "file_path": "./images/0132.jpg",
      "sharpness": 4.068838685364426,
      "transform_matrix": [
        [
          0.8668016570256554,
          -0.0869381657026164,
          0.4910159291492568,
          3.5722094629696928
        ],
        [
          0.4955917914546555,
          0.041253242818758196,
          -0.8675753259513442,
          -0.31241230971897727
        ],
        [
          0.05516940809398707,
          0.9953591940890506,
          0.07884422051932269,
          0.2715546555176478
        ],
        [
          0.0,
          0.0,
          0.0,
          1.0
        ]
      ]
    },
    {
      "file_path": "./images/0004.jpg",
      "sharpness": 20.591321366020566,
      "transform_matrix": [
        [
          0.4438257808758795,
          -0.06918278113467854,
          -0.8934385367672762,
          -3.1421944360246745
        ],
        [
          -0.8939477527031621,
          0.03508657755883466,
          -0.44679564401642613,
          -1.8826279955130363
        ],
        [
          0.06225826576625303,
          0.9969867977190404,
          -0.04627346403778887,
          0.15341691613514574
        ],
        [
          0.0,
          0.0,
          0.0,
          1.0
        ]
      ]
    },
    {
      "file_path": "./images/0133.jpg",
      "sharpness": 10.114222161310176,
      "transform_matrix": [
        [
          0.6975429557877185,
          -0.07228545703004895,
          0.712887534951591,
          3.812818687262538
        ],
        [
          0.7136138252759758,
          -0.01978560489206383,
          -0.7002598362136182,
          0.8277689765256304
        ],
        [
          0.0647235133995182,
          0.9971877167802363,
          0.03778259218457725,
          0.05207493292130179
        ],
        [
          0.0,
          0.0,
          0.0,
          1.0
        ]
      ]
    },
    {
      "file_path": "./images/0006.jpg",
      "sharpness": 20.00621529772116,
      "transform_matrix": [
        [
          0.44475011077063475,
          -0.06858209665228662,
          -0.8930251031996523,
          -3.142846767547158
        ],
        [
          -0.893510701091959,
          0.0349738096576378,
          -0.44767785255925496,
          -1.8840726528831502
        ],
        [
          0.061935175732104025,
          0.9970322605679294,
          -0.04572423154283577,
          0.153663760652475
        ],
        [
          0.0,
          0.0,
          0.0,
          1.0
        ]
      ]
    },
    {
      "file_path": "./images/0135.jpg",
      "sharpness": 14.82866505894814,
      "transform_matrix": [
        [
          -0.0008215631707660306,
          0.1727022594901153,
          0.9849737329276506,
          3.616357129894559
        ],
        [
          0.9995195786831123,
          -0.030375494188196375,
          0.006159641372359352,
          1.7129136447916704
        ],
        [
          0.030982847882725196,
          0.9845055910842743,
          -0.17259433425586262,
          -0.24552835416883234
        ],
        [
          0.0,
          0.0,
          0.0,
          1.0
        ]
      ]
    },
    {
      "file_path": "./images/0009.jpg",
      "sharpness": 6.000148515177812,
      "transform_matrix": [
        [
          0.43305397225504605,
          -0.06403278634553707,
          -0.8990906847161849,
          -3.14115201089392
        ],
        [
          -0.8992376413100135,
          0.03784716613973165,
          -0.43582021117230674,
          -1.8818397344422004
        ],
        [
          0.061934816986201756,
          0.9972298602851877,
          -0.04119082612446141,
          0.15397343921186019
        ],
        [
          0.0,
          0.0,
          0.0,
          1.0
        ]
      ]
    },
    {
      "file_path": "./images/0136.jpg",
      "sharpness": 53.02054106933045,
      "transform_matrix": [
        [
          0.058277132440913884,
          0.11649669246799196,
          0.9914798517544104,
          3.580534295180883
        ],
        [
          0.9975225977711846,
          -0.04599382678841518,
          -0.0532281394852788,
          1.7501438469075346
        ],
        [
          0.03940105036953603,
          0.9921255406942154,
          -0.11888847163763494,
          -0.21918477911341325
        ],
        [
          0.0,
          0.0,
          0.0,
          1.0
        ]
      ]
    },
    {
      "file_path": "./images/0032.jpg",
      "sharpness": 5.318819199506714,
      "transform_matrix": [
        [
          0.3730807359368804,
          -0.0639814955105182,
          0.9255901537189658,
          2.6908657450348965
        ],
        [
          0.9252796600326569,
          0.09912478427604687,
          -0.3661035753334801,
          -3.9724463615956305
        ],
        [
          -0.06832507005384182,
          0.9930159340771973,
          0.09618232388164544,
          0.6989665465830526
        ],
        [
          0.0,
          0.0,
          0.0,
          1.0
        ]
      ]
    },
    {
      "file_path": "./images/0029.jpg",
      "sharpness": 40.32797927779366,
      "transform_matrix": [
        [
          0.5148414910818836,
          -0.03466715809450821,
          0.8565841623370691,
          2.0438010444540535
        ],
        [
          0.8546332179634505,
          0.09928959707191987,
          -0.5096505063929716,
          -4.777939895969819
        ],
        [
          -0.06738176165856424,
          0.9944545057566507,
          0.08074610908538389,
          0.5066567104222088
        ],
        [
          0.0,
          0.0,
          0.0,
          1.0
        ]
      ]
    },
    {
      "file_path": "./images/0031.jpg",
      "sharpness": 42.774318580179504,
      "transform_matrix": [
        [
          0.38528608179788787,
          -0.0955484924037555,
          0.9178371972897297,
          2.9152706569218165
        ],
        [
          0.9201958198782406,
          0.11441123048226011,
          -0.37436576154614765,
          -4.10787159710488
        ],
        [
          -0.0692407990009886,
          0.9888278697001669,
          0.1320043780117888,
          0.5999486508211024
        ],
        [
          0.0,
          0.0,
          0.0,
          1.0
        ]
      ]
    },
    {
      "file_path": "./images/0033.jpg",
      "sharpness": 15.707780847431726,
      "transform_matrix": [
        [
          0.2708089974657355,
          -0.02428134377010116,
          0.962326817247024,
          2.4833084970433728
        ],
        [
          0.9585971440672609,
          0.09824805810389575,
          -0.26728044160541103,
          -3.706308825447182
        ],
        [
          -0.08805681277017724,
          0.9948656871056947,
          0.049882484910205756,
          0.6789539025064177
        ],
        [
          0.0,
          0.0,
          0.0,
          1.0
        ]
      ]
    },
    {
      "file_path": "./images/0036.jpg",
      "sharpness": 27.306378640393223,
      "transform_matrix": [
        [
          -0.11441915109115935,
          0.02222930965254857,
          0.993183827703822,
          2.7385172044153707
        ],
        [
          0.993252710420507,
          0.021582682857669858,
          0.11394402592001505,
          -2.8406985479711553
        ],
        [
          -0.018902674537464192,
          0.9995199075303121,
          -0.024548794314014827,
          0.6568513249198925
        ],
        [
          0.0,
          0.0,
          0.0,
          1.0
        ]
      ]
    },
    {
      "file_path": "./images/0035.jpg",
      "sharpness": 25.768586034895932,
      "transform_matrix": [
        [
          -0.05559392173075599,
          0.021937199949049403,
          0.9982124398550921,
          2.3487728563532895
        ],
        [
          0.9953282230702286,
          0.0802577879206697,
          0.053669505660302236,
          -3.295695716195437
        ],
        [
          -0.07893696362082758,
          0.9965327123045734,
          -0.026296559424368884,
          0.7572248019484836
        ],
        [
          0.0,
          0.0,
          0.0,
          1.0
        ]
      ]
    },
    {
      "file_path": "./images/0034.jpg",
      "sharpness": 34.75225292737966,
      "transform_matrix": [
        [
          0.28103016268706094,
          -0.04749950748772051,
          0.9585227406822299,
          2.5454562309880964
        ],
        [
          0.9569930778501948,
          0.08881831519909993,
          -0.2761802958791298,
          -3.577258244473166
        ],
        [
          -0.07201594687534779,
          0.9949146212767639,
          0.07041732543703591,
          0.7944423976476832
        ],
        [
          0.0,
          0.0,
          0.0,
          1.0
        ]
      ]
    },
    {
      "file_path": "./images/0038.jpg",
      "sharpness": 15.796463297699269,
      "transform_matrix": [
        [
          -0.1651352936836608,
          0.00017883787229198219,
          0.9862709073847264,
          3.336926609374557
        ],
        [
          0.986111677719666,
          -0.017939457087520726,
          0.16511188613842948,
          -2.0346387546206435
        ],
        [
          0.017722692878105524,
          0.9998390589753829,
          0.002786083400387617,
          0.5375791851522961
        ],
        [
          0.0,
          0.0,
          0.0,
          1.0
        ]
      ]
    },
    {
      "file_path": "./images/0039.jpg",
      "sharpness": 12.722765184142922,
      "transform_matrix": [
        [
          -0.1986285756285472,
          -0.02828631109307628,
          0.9796665624103875,
          3.8671566058903073
        ],
        [
          0.9792579258611237,
          -0.04653181840343872,
          0.19720219196073505,
          -1.1188712534294807
        ],
        [
          0.04000754402796331,
          0.9985162364414812,
          0.03694214314214975,
          0.3244633078065251
        ],
        [
          0.0,
          0.0,
          0.0,
          1.0
        ]
      ]
    },
    {
      "file_path": "./images/0040.jpg",
      "sharpness": 11.112649163459123,
      "transform_matrix": [
        [
          -0.1805264018292415,
          -0.049231487384870695,
          0.9823372531106238,
          4.137795242717473
        ],
        [
          0.9828559044413315,
          -0.04708425841433995,
          0.17826200861165875,
          -0.6812229128134105
        ],
        [
          0.037476517247326875,
          0.9976769683699716,
          0.05688740981498817,
          0.18058075963715017
        ],
        [
          0.0,
          0.0,
          0.0,
          1.0
        ]
      ]
    },
    {
      "file_path": "./images/0037.jpg",
      "sharpness": 49.119191225527175,
      "transform_matrix": [
        [
          -0.16300487912987938,
          0.01518317053855369,
          0.9865084290915693,
          3.055739353457716
        ],
        [
          0.9866065576949519,
          -0.003648529392165936,
          0.163077247175906,
          -2.406099515705413
        ],
        [
          0.006075334653989677,
          0.9998780723278298,
          -0.01438508752736595,
          0.6011984668912648
        ],
        [
          0.0,
          0.0,
          0.0,
          1.0
        ]
      ]
    },
    {
      "file_path": "./images/0041.jpg",
      "sharpness": 22.282579894393283,
      "transform_matrix": [
        [
          -0.13999731229007278,
          -0.07240086525284638,
          0.9875013251731164,
          4.298505217600067
        ],
        [
          0.989674237823393,
          -0.04120603222661025,
          0.137284252180304,
          -0.3133088706785096
        ],
        [
          0.03075151278545977,
          0.9965240476652893,
          0.07742200489872851,
          0.14041720464970545
        ],
        [
          0.0,
          0.0,
          0.0,
          1.0
        ]
      ]
    },
    {
      "file_path": "./images/0043.jpg",
      "sharpness": 16.657328515311892,
      "transform_matrix": [
        [
          -0.14973038415558493,
          -0.056737729119041354,
          0.9870975848980184,
          4.203391498512272
        ],
        [
          0.9887020003623961,
          -0.015672153578945344,
          0.1490729287344753,
          0.23507371864649435
        ],
        [
          0.007011885498408962,
          0.9982661036281721,
          0.058443303851936815,
          0.35307341571156703
        ],
        [
          0.0,
          0.0,
          0.0,
          1.0
        ]
      ]
    },
    {
      "file_path": "./images/0045.jpg",
      "sharpness": 21.06147243835809,
      "transform_matrix": [
        [
          -0.13845500126344906,
          -0.015599384943197665,
          0.99024586430391,
          3.980282071921746
        ],
        [
          0.9903488753395935,
          -0.008511352591828468,
          0.13833532444946667,
          0.31193779093268176
        ],
        [
          0.0062703857263611,
          0.9998420955444917,
          0.016627272668340513,
          0.33394169377020344
        ],
        [
          0.0,
          0.0,
          0.0,
          1.0
        ]
      ]
    },
    {
      "file_path": "./images/0044.jpg",
      "sharpness": 33.68951144052456,
      "transform_matrix": [
        [
          -0.15205859077424239,
          -0.024739528366221064,
          0.9880618101436944,
          4.033424079648412
        ],
        [
          0.9883417192509842,
          -0.011563947108275872,
          0.1518121244010673,
          0.28675072515969685
        ],
        [
          0.007670134154252474,
          0.9996270458625285,
          0.026209505500001805,
          0.34104224394863997
        ],
        [
          0.0,
          0.0,
          0.0,
          1.0
        ]
      ]
    },
    {
      "file_path": "./images/0042.jpg",
      "sharpness": 29.399399379020906,
      "transform_matrix": [
        [
          -0.14657579298658138,
          -0.08981634506870646,
          0.985113476217496,
          4.4220259800830535
        ],
        [
          0.9890281795403346,
          -0.03183688827579401,
          0.14425558089698118,
          -0.07093274637005124
        ],
        [
          0.01840643864938552,
          0.9954493641867558,
          0.093497413401519,
          0.23568929309078143
        ],
        [
          0.0,
          0.0,
          0.0,
          1.0
        ]
      ]
    },
    {
      "file_path": "./images/0046.jpg",
      "sharpness": 35.10877167840693,
      "transform_matrix": [
        [
          -0.08334257764348846,
          -0.027782388577596743,
          0.9961336022809029,
          4.010630327003881
        ],
        [
          0.9962644082284858,
          -0.02500375770920763,
          0.08265616127938166,
          0.3569748893447563
        ],
        [
          0.022610697646435588,
          0.9993012313320333,
          0.029762482533691962,
          0.4053609648450942
        ],
        [
          0.0,
          0.0,
          0.0,
          1.0
        ]
      ]
    },
    {
      "file_path": "./images/0047.jpg",
      "sharpness": 15.578081695323968,
      "transform_matrix": [
        [
          0.09204418364501368,
          -0.08724303176246444,
          0.9919256633551137,
          4.091801823562741
        ],
        [
          0.9933416450071272,
          -0.061266690325918055,
          -0.0975641786257751,
          0.5446967126481573
        ],
        [
          0.06928379717783584,
          0.99430128533656,
          0.08102289419065456,
          0.5064082907559466
        ],
        [
          0.0,
          0.0,
          0.0,
          1.0
        ]
      ]
    },
    {
      "file_path": "./images/0048.jpg",
      "sharpness": 10.732715233786863,
      "transform_matrix": [
        [
          0.10205345378016986,
          -0.11274880580029474,
          0.9883687567495301,
          4.051147420674249
        ],
        [
          0.9928852445346987,
          -0.04973112746867561,
          -0.1081929117171969,
          0.5137073799180907
        ],
        [
          0.061351314220138,
          0.9923782150509861,
          0.10687139229946074,
          0.5365882405883816
        ],
        [
          0.0,
          0.0,
          0.0,
          1.0
        ]
      ]
    },
    {
      "file_path": "./images/0050.jpg",
      "sharpness": 11.324749787592607,
      "transform_matrix": [
        [
          0.14166972918737433,
          -0.15057791040138707,
          0.9783945935498588,
          4.204970431962338
        ],
        [
          0.9872460077569152,
          -0.0510238714659378,
          -0.1508041269612323,
          0.5158176281212361
        ],
        [
          0.0726292503019843,
          0.987280536319984,
          0.14142890284747717,
          0.5966624922443076
        ],
        [
          0.0,
          0.0,
          0.0,
          1.0
        ]
      ]
    },
    {
      "file_path": "./images/0137.jpg",
      "sharpness": 25.830822231327872,
      "transform_matrix": [
        [
          0.07290654500183696,
          0.15542404701904333,
          0.985153795739824,
          3.674037324539297
        ],
        [
          0.99610360867321,
          -0.060493066733693285,
          -0.06417312260783882,
          1.7380399719357638
        ],
        [
          0.04962092788308085,
          0.9859938916858659,
          -0.1592287946023828,
          -0.2033561378465903
        ],
        [
          0.0,
          0.0,
          0.0,
          1.0
        ]
      ]
    },
    {
      "file_path": "./images/0010.jpg",
      "sharpness": 5.054801350077469,
      "transform_matrix": [
        [
          0.25729415371328485,
          0.037046645064999585,
          -0.965622734048271,
          -3.2275853872744436
        ],
        [
          -0.962008225988557,
          0.10425503633594149,
          -0.2523312515896917,
          -1.9436065130762543
        ],
        [
          0.09132300690856329,
          0.993860369189181,
          0.0624633886422117,
          0.1787442197133855
        ],
        [
          0.0,
          0.0,
          0.0,
          1.0
        ]
      ]
    },
    {
      "file_path": "./images/0051.jpg",
      "sharpness": 31.596748308268726,
      "transform_matrix": [
        [
          0.0937904856193332,
          -0.09057317534194348,
          0.9914634863030675,
          4.122541859268809
        ],
        [
          0.9955550054378118,
          -4.769683976332817e-05,
          -0.09418189248793538,
          0.09596508274247813
        ],
        [
          0.008577642737383234,
          0.9958898019308335,
          0.09016610456030472,
          0.5017913554052672
        ],
        [
          0.0,
          0.0,
          0.0,
          1.0
        ]
      ]
    },
    {
      "file_path": "./images/0138.jpg",
      "sharpness": 80.72475118238404,
      "transform_matrix": [
        [
          0.07288391059709344,
          0.1545417539693888,
          0.9852942615343934,
          3.669927919184839
        ],
        [
          0.9961063447397555,
          -0.06041051115616829,
          -0.06420841152787694,
          1.7361551686511913
        ],
        [
          0.049599249441425644,
          0.9861376254754604,
          -0.15834297595034927,
          -0.201253121734186
        ],
        [
          0.0,
          0.0,
          0.0,
          1.0
        ]
      ]
    },
    {
      "file_path": "./images/0015.jpg",
      "sharpness": 14.7907985550061,
      "transform_matrix": [
        [
          0.6338508163040927,
          0.26091649495708014,
          -0.728117933638784,
          -4.064862994669279
        ],
        [
          -0.7732131278600217,
          0.23731230672509118,
          -0.5880683021398255,
          -3.138164365793815
        ],
        [
          0.019354626210042344,
          0.9357379182737104,
          0.35216465851274376,
          0.7133102647305934
        ],
        [
          0.0,
          0.0,
          0.0,
          1.0
        ]
      ]
    },
    {
      "file_path": "./images/0049.jpg",
      "sharpness": 38.6897164877334,
      "transform_matrix": [
        [
          0.1301443534247612,
          -0.1449974030680583,
          0.980835460376324,
          4.106260108978141
        ],
        [
          0.9892149403206552,
          -0.04806211029577692,
          -0.13836124963369756,
          0.5336973587747784
        ],
        [
          0.0672030439607535,
          0.9882640267731674,
          0.13717858515394593,
          0.5693446381178285
        ],
        [
          0.0,
          0.0,
          0.0,
          1.0
        ]
      ]
    },
    {
      "file_path": "./images/0140.jpg",
      "sharpness": 82.81542586488628,
      "transform_matrix": [
        [
          0.07338019039114112,
          0.1550110806259084,
          0.9851836947990021,
          3.6699050015780466
        ],
        [
          0.9960569220328769,
          -0.06077778636348448,
          -0.06462715184058107,
          1.7352193137177137
        ],
        [
          0.04985935948669893,
          0.9860413913849703,
          -0.15885974538413694,
          -0.2011159344039821
        ],
        [
          0.0,
          0.0,
          0.0,
          1.0
        ]
      ]
    },
    {
      "file_path": "./images/0014.jpg",
      "sharpness": 9.52127842492088,
      "transform_matrix": [
        [
          0.3823670921970514,
          0.3491290744811415,
          -0.8555140537204392,
          -4.28187539231936
        ],
        [
          -0.9219573128526082,
          0.2058408230572008,
          -0.32806137968467275,
          -2.4972745032658246
        ],
        [
          0.061563951092501436,
          0.9141873138879195,
          0.4005888603151809,
          0.6805091202557835
        ],
        [
          0.0,
          0.0,
          0.0,
          1.0
        ]
      ]
    },
    {
      "file_path": "./images/0052.jpg",
      "sharpness": 42.27013010763995,
      "transform_matrix": [
        [
          0.10591254945861289,
          -0.07587196336082025,
          0.9914766648789153,
          4.007625926615444
        ],
        [
          0.994273852862423,
          0.02233313501577902,
          -0.10450232817673913,
          -0.18375515559706598
        ],
        [
          -0.014213985407189128,
          0.9968674316139036,
          0.07780286860192398,
          0.4810736082945962
        ],
        [
          0.0,
          0.0,
          0.0,
          1.0
        ]
      ]
    },
    {
      "file_path": "./images/0142.jpg",
      "sharpness": 86.40414234332366,
      "transform_matrix": [
        [
          0.07319410673081853,
          0.15458512171848499,
          0.9852644634003727,
          3.6687650332693953
        ],
        [
          0.9960628605395027,
